verts
0.18065436000000001 1.1221622 -0.043990835999999998 0.15694577000000001 1.1096585999999999 0.10109194000000001
0.028549603999999999 1.0317603 0.14561631 0.32943552999999998 1.0981844999999999 0.058361682999999998
-0.070450479999999996 0.96261644000000002 0.071601609999999996 -0.11427756999999999 0.79362445999999998 0.064362440000000007
0.14284603000000001 1.0196670000000001 0.23200855000000001 0.013860936000000001 0.92864009999999997 0.21845691
0.14539204999999999 0.93651896999999995 0.28172130000000001 0.31830986999999999 1.0310231000000001 0.19943527999999999
0.38039424999999999 0.87418293999999996 0.25349092000000001 0.49970075000000003 0.82359289999999996 0.16242771
0.41745535 0.9537757 0.1861999 0.46824080000000001 0.98722860000000001 0.070709913999999999
-0.043927717999999998 0.55488890000000002 0.021368964000000001 -0.075471915000000001 0.66987640000000004 0.12635605
0.057871039999999999 0.68089306000000005 0.26378664000000002 0.24084605000000001 0.6538638 0.30097740000000001
0.27108475999999998 0.51728450000000004 0.21716009999999999 0.37187799999999999 0.5157948 0.14505038000000001
0.49162440000000002 0.69122607000000003 0.16132736 0.51298330000000003 0.36116095999999998 0.26163133999999999
0.15846937999999999 0.51994770000000001 0.23025379000000001 0.091317244000000006 0.44722304000000002 0.28883255000000002
-0.11531288000000001 0.49060670000000001 0.24342404000000001 -0.022330494999999999 0.54859734000000004 0.092050460000000001
-0.64648229999999995 0.67822380000000004 -0.053874287999999999 -0.62178504000000001 0.66274904999999995 0.084642339999999996
-0.66667379999999998 0.66839400000000004 -0.016491445 -0.65817475000000003 0.65721375000000004 0.066949729999999999
-0.58757429999999999 0.59596930000000004 0.18916373 -0.52455540000000001 0.46416267999999999 0.29435732999999997
-0.32424199999999997 0.45703646999999997 0.34932148000000002 0.63979070000000005 0.37042543 0.048966336999999999
0.57207079999999999 0.20213055999999999 0.24444469999999999 0.31320473999999998 0.2859893 0.41846116999999999
0.0017703958 0.31896849999999999 0.45862976 0.65672269999999999 0.23532014000000001 0.054165829999999998
0.60600759999999998 0.12996795999999999 0.10275138 0.36425200000000002 0.1124945 0.38592753000000002
0.16533995000000001 0.27558899999999997 0.4542079 -0.57788170000000005 0.42837115999999997 0.23057488000000001
-0.48372589999999999 0.30557605999999998 0.30465810999999998 -0.31885838999999999 0.38655381999999999 0.40597670000000002
-0.33685969999999998 0.29010530000000001 0.40551353000000001 -0.53787629999999997 0.25537737999999999 0.19489835
-0.16966983999999999 0.27681798000000002 0.45609729999999998 0.41715097000000001 0.0007260503 0.21939987999999999
0.52580610000000005 0.061652190000000003 0.18881300000000001 0.17616937999999999 0.091123280000000001 0.41727892
-0.57834700000000006 0.22743727 -0.0075935344 -0.44938233 0.012070421 -0.0071409986999999998
-0.44822466 0.020118628 0.065319970000000005 0.12544762000000001 0.18788315 0.45492417000000002
0.43692355999999999 0.51265996999999996 0.0037127411999999999 0.40702949999999999 0.50940430000000003 0.094426979999999994
0.28271034 0.44794893000000002 0.23246681999999999 0.082945409999999997 0.3657628 0.40068048000000001
-0.30666545000000001 0.55315099999999995 0.10307824 0.23845752000000001 0.32447546999999999 0.39911597999999998
0.41865616999999999 0.44221719999999998 0.16160158999999999 -0.102712885 0.083964520000000001 0.40990715999999999
0.48304823000000002 0.103919044 0.30299026000000001 0.48566749999999997 0.17934017999999999 0.32838556000000002
0.38763678000000001 0.28230657999999997 0.37063099999999999 0.48845803999999998 0.28791307999999999 0.32242572000000003
-0.18310525999999999 0.38446575 0.40476266 -0.43395305000000001 0.41715178000000003 0.34235104999999999
-0.41698374999999999 0.36945032999999999 0.36799409999999999 -0.41647279999999998 0.14164898000000001 0.26845276000000001
-0.35628769999999998 0.17429383000000001 0.32861099999999999 -0.2354639 0.11269365000000001 0.39093968000000001
0.42461583000000003 0.017990737999999999 0.27658430000000001 -0.28999722 0.00067066325999999999 0.23894151999999999
0.21381185999999999 0.022718556000000001 0.34620719999999999 -0.16154392000000001 0.0051528349999999997 0.29633817000000001
0.056903460000000003 0.791578 0.27603660000000002 0.23113900000000001 0.85023903999999995 0.31445166000000002
0.30343625000000002 0.74554549999999997 0.30042845000000001 0.41366604000000001 0.69323159999999995 0.23826406999999999
0.52369239999999995 0.87445854999999995 0.091043120000000005 0.50273334999999997 0.62340390000000001 0.066075175999999999
0.042321496 0.53686219999999996 0.16907433999999999 0.58173686000000002 0.29927125999999998 0.22339677999999999
-0.65607362999999996 0.47560017999999998 0.052016550000000002 0.52636309999999997 0.0093445019999999993 0.044051501999999999
0.49407473000000002 0.45610519999999999 0.021969074000000002 -0.39116886000000001 0.022737494 0.18435483
-0.045186833000000003 0.83994650000000004 0.18838927 0.644737 0.83115846000000004 0.078906459999999998
0.66360176000000004 0.81282586000000001 0.0020078271999999999 0.66309220000000002 0.90167269999999999 0.019984058999999998
0.61980380000000002 0.86646579999999995 0.10301812 0.58621836000000005 0.75350136000000001 0.12277257
0.61619570000000001 0.73784740000000004 0.060767300000000003 0.23401073 1.0894092 -0.14492604000000001
0.11638404400000001 1.0629900999999999 -0.17105661 0.025109903999999999 1.0694188 -0.023210648
0.35143660999999998 1.0892820000000001 -0.058564476999999997 -0.071473666000000005 0.89309645000000004 -0.13557949999999999
-0.10489505 0.87751639999999997 -0.056906051999999999 0.094834230000000005 0.97412469999999995 -0.24706484000000001
0.2838928 1.035733 -0.20840803999999999 0.10266515 0.83746410000000004 -0.29251771999999998
0.00041991388000000001 0.81547760000000002 -0.23788123999999999 0.3060581 0.93008584000000005 -0.27055435999999999
0.41168195000000002 0.96786267000000004 -0.18389559999999999 -0.089080259999999994 0.64130100000000001 -0.0149781685
0.107150964 0.67442256 -0.28537162999999999 0.26970965000000002 0.66713774000000003 -0.29968454999999999
0.15376862999999999 0.52005075999999995 -0.22893548 0.39466570000000001 0.60798280000000005 -0.21141587000000001
0.25781238000000001 0.51887983000000004 -0.22318779 0.47945177999999999 0.71243749999999995 -0.17688574000000001
0.54730610000000002 0.36336425 -0.22257462 0.0037914810000000002 0.46662003000000002 -0.27322154999999998
-0.16670700999999999 0.52273650000000005 -0.16665414000000001 0.038072236000000002 0.53519669999999997 -0.16373926
-0.036494683 0.55069829999999997 -0.059734349999999999 0.39933816 0.51748972999999998 -0.11422757
-0.069654010000000002 0.38459822999999999 -0.40613895999999999 -0.48353427999999998 0.49218115000000001 -0.30203239999999998
0.63534396999999998 0.37225079999999999 -0.058993289999999997 0.64721923999999997 0.23504047 -0.085187739999999998
0.60111619999999999 0.28939115999999998 -0.19048348000000001 0.29309397999999998 0.30681258 -0.40693367000000003
0.32844089999999998 0.23860654000000001 -0.42067808000000001 0.60657274999999999 0.11445126 -0.068839945
0.21790393999999999 0.18176196999999999 -0.44121320000000003 -0.093185619999999997 0.33633727000000002 -0.45386556
-0.56735164000000005 0.57446545000000004 -0.21637818 -0.51274662999999998 0.36737429999999999 -0.30460647000000002
-0.57394909999999999 0.39350425999999999 -0.22296062 -0.63846283999999998 0.58580816000000002 -0.13084629
-0.33180009999999999 0.37739097999999999 -0.41047572999999998 -0.47242188000000002 0.20626396999999999 -0.26622108
-0.18651807000000001 0.20421413999999999 -0.43978402 -0.26235244000000002 0.001346002 -0.25487705999999999
0.55419280000000004 0.16779648 -0.25979930000000001 0.18264813999999999 0.068143090000000003 -0.40406006999999999
0.36014154999999998 0.083710770000000004 -0.37271637000000002 -0.45990979999999998 0.039826747000000003 -0.086844030000000003
-0.12077061 0.10643917 -0.41869652000000002 0.07523523 0.25281122 -0.4665569
0.33162427 0.47988599999999998 -0.18940560000000001 0.105523214 0.44509569999999998 -0.29151955000000002
-0.37511559999999999 0.53942966000000003 -0.22318325999999999 0.39550173 0.35162080000000001 -0.33112406999999999
0.33272417999999998 0.43625960000000003 -0.22854840000000001 0.4478763 0.014301151 -0.24784033999999999
0.48339601999999998 0.11507241999999999 -0.31159597999999999 0.43215399999999998 0.23381347999999999 -0.35833146999999999
0.50881105999999998 0.25877782999999999 -0.31929678 -0.14165220000000001 0.37595250000000002 -0.40973883999999999
-0.42520753 0.42123707999999999 -0.34529236000000002 -0.38917297000000001 0.33921823000000001 -0.38203530000000002
-0.33606762000000001 0.14148595999999999 -0.32402189999999997 -0.35311913 0.014552275999999999 -0.21480622999999999
0.35046421999999999 0.31342569999999997 -0.37074083000000002 -0.25887969999999999 0.13293996 -0.38943028000000002
-0.095713270000000003 0.033663930000000002 -0.36046544000000003 0.33487244999999999 0.00096370669999999996 -0.27330357
0.22623700999999999 0.86468230000000001 -0.31233179999999999 0.40073055000000002 0.78274756999999995 -0.25587258000000002
-0.013637071000000001 1.0016115999999999 -0.1365198 0.47026565999999997 0.99807299999999999 -0.048703070000000001
-0.024818015999999998 0.66000510000000001 -0.18825458 0.49703619999999998 0.63757825000000001 -0.10305524000000001
-0.64398659999999996 0.45453733000000002 -0.082837805 0.52111410000000002 0.010397754 -0.072713130000000001
-0.32333377000000002 0.56811153999999997 -0.029686647 0.45543665 0.45901024000000001 -0.085266060000000005
-0.078582189999999996 0.6766181 -0.12381004499999999 0.60231330000000005 0.77748996000000004 -0.11729096999999999
0.66507269999999996 0.86589556999999995 -0.046370769999999999 0.53125639999999996 0.88095389999999996 -0.028003187999999998
0.50021135999999999 0.82425709999999996 -0.16184272999999999 0.5169011 0.86396974000000004 -0.11458210000000001
0.509073 0.61758829999999998 -0.020079265999999998 0.64716229999999997 0.89637935000000002 -0.054484369999999997
0.61503302999999998 0.85692864999999996 -0.10878245 0.6096956 0.72657179999999999 -0.060277417
tetIds
124 171 123 122
106 12 175 13
97 104 103 7
4 7 97 2
35 59 64 39
51 116 137 157
16 19 17 18
146 121 130 120
14 137 73 116
89 90 80 91
1 9 0 3
4 100 88 5
146 115 116 153
132 131 130 121
25 15 16 107
3 12 0 95
134 159 155 136
9 12 0 3
149 150 151 148
108 78 163 103
79 81 167 113
156 159 153 160
159 156 153 136
109 108 163 103
156 157 141 135
113 167 177 175
179 90 175 174
90 179 91 174
51 157 141 116
156 116 141 157
135 116 141 156
59 24 23 61
79 10 163 78
102 101 95 96
181 176 177 173
16 82 108 111
116 157 156 137
177 176 163 106
159 137 160 156
114 124 138 152
86 38 127 37
173 90 174 180
169 148 161 47
103 162 163 109
106 10 163 12
120 154 153 146
132 135 131 146
50 135 132 146
45 42 58 41
85 47 48 60
125 115 120 153
159 136 153 160
136 156 153 134
143 153 129 142
136 142 160 159
158 125 128 148
49 59 39 74
9 8 0 10
156 159 155 134
175 12 163 10
129 136 153 134
158 140 139 128
114 171 138 124
156 159 134 136
23 75 74 61
43 70 44 68
27 170 58 30
108 162 103 109
124 171 127 123
136 142 153 160
142 153 129 136
43 70 66 44
75 137 73 14
71 44 46 70
82 56 18 22
67 41 58 42
148 151 140 158
9 12 3 13
1 8 0 9
146 121 120 154
133 170 130 26
104 172 5 100
146 168 130 132
146 121 131 132
135 156 146 116
116 134 155 154
155 146 116 154
116 134 154 153
156 135 146 131
116 134 156 155
172 117 166 118
148 125 128 145
4 164 97 100
164 101 99 104
26 170 130 146
46 44 66 70
118 166 172 107
16 19 78 17
133 132 130 168
52 50 45 69
67 31 58 41
141 51 52 50
132 168 170 146
50 168 170 132
132 146 170 50
135 50 170 146
146 116 170 135
118 145 75 160
141 135 170 116
50 135 170 141
32 58 24 70
31 30 58 41
143 115 125 153
168 170 130 133
168 146 130 170
57 32 23 66
143 115 153 142
70 43 67 68
25 107 14 15
35 49 53 40
59 40 53 49
26 133 27 28
170 133 27 26
16 18 17 82
63 35 64 39
175 176 177 113
107 15 88 5
5 104 88 107
14 166 16 82
5 100 88 104
107 104 88 166
82 15 16 25
104 100 88 99
70 67 42 68
61 71 24 75
87 116 73 52
14 107 16 166
52 69 45 87
118 160 75 137
75 70 73 71
35 59 49 40
52 116 73 51
61 36 59 66
58 170 14 116
66 59 24 57
30 24 32 58
70 42 32 58
31 42 67 68
31 41 67 42
54 55 171 86
45 41 58 84
84 41 58 30
51 116 73 137
150 148 149 138
166 118 14 107
30 29 84 41
66 71 24 61
76 166 16 107
170 50 84 168
65 56 21 60
84 30 58 170
7 10 8 76
141 116 52 51
118 137 75 14
118 137 14 116
27 28 84 29
30 27 84 29
30 170 84 27
28 133 84 168
27 133 84 28
170 133 84 27
170 168 84 133
77 76 8 10
25 75 23 24
35 49 39 53
64 56 74 59
25 118 75 14
118 170 116 14
181 173 177 175
103 78 163 10
58 42 32 67
84 170 58 50
84 50 58 45
23 24 82 25
45 69 58 42
70 42 58 69
45 50 58 69
52 116 58 87
52 87 58 69
52 69 58 50
52 141 58 116
170 116 58 141
141 50 58 170
52 50 58 141
145 112 117 144
67 31 32 58
58 31 32 30
43 70 67 66
16 82 17 22
43 44 66 46
22 82 17 18
14 58 24 25
32 70 24 66
46 43 36 66
113 10 163 79
46 70 66 71
107 15 76 88
46 71 66 61
75 70 24 73
71 70 24 75
66 70 24 71
75 14 24 25
73 14 24 75
14 116 24 58
73 116 24 14
73 70 24 69
58 69 24 70
73 87 24 116
58 116 24 87
73 69 24 87
58 87 24 69
48 62 34 63
18 23 22 56
88 104 76 166
74 39 72 47
59 24 57 23
61 46 36 66
59 66 24 61
24 75 23 61
171 85 169 127
56 22 82 23
61 46 53 36
175 90 180 174
59 56 74 23
56 145 74 23
151 148 140 149
75 145 74 160
23 145 74 118
75 118 74 145
25 75 74 23
25 118 74 75
23 118 74 25
74 23 49 59
59 36 53 40
36 61 59 53
24 57 23 66
61 59 53 49
61 59 49 23
23 49 61 74
18 19 17 79
17 76 78 16
65 56 59 21
146 120 115 153
118 137 115 160
102 162 105 101
153 156 115 116
34 21 65 83
86 83 37 33
97 101 103 104
152 148 151 138
83 21 33 60
80 11 81 20
103 105 163 162
85 47 72 48
49 35 39 59
167 176 177 181
83 60 33 86
148 140 139 158
148 47 169 60
88 166 76 107
38 83 34 37
56 47 148 60
158 125 148 147
124 127 138 123
86 60 171 85
86 85 127 38
60 83 38 86
60 85 38 48
60 86 38 85
38 83 37 86
181 176 173 113
138 148 151 150
156 137 115 116
47 39 72 62
64 56 47 74
47 62 72 48
117 118 115 145
171 85 127 86
48 47 63 60
62 47 63 48
38 60 34 83
48 60 34 38
63 47 64 60
60 21 34 83
60 48 34 63
65 63 64 60
76 10 77 78
34 60 65 21
63 60 65 34
17 19 78 79
63 62 64 47
39 62 64 63
39 47 64 62
74 47 64 39
116 154 146 153
59 74 64 39
126 140 125 128
76 15 16 88
79 19 81 20
14 25 16 107
17 76 77 78
180 113 173 176
156 146 155 131
143 160 139 128
76 107 16 15
82 25 16 14
18 82 16 19
173 176 177 180
140 125 128 158
57 56 59 23
113 167 173 181
77 8 9 10
8 6 9 1
13 165 98 3
111 81 119 167
181 90 174 173
113 176 177 167
106 165 98 13
80 12 175 11
175 90 173 180
90 89 80 94
91 80 89 92
109 111 163 108
6 2 1 7
6 7 1 8
11 12 175 10
10 12 0 9
95 102 98 106
76 166 108 16
19 81 119 111
129 136 143 142
178 81 119 54
167 176 181 113
93 80 20 11
178 167 119 81
115 112 110 117
11 92 93 80
89 80 93 92
94 80 93 89
76 16 108 78
93 80 81 20
93 94 81 80
86 21 60 33
3 0 98 95
175 165 177 106
76 104 108 166
81 20 113 79
11 20 113 81
11 79 113 20
11 10 113 79
173 180 177 175
90 179 175 80
60 86 171 55
167 181 177 175
113 79 111 167
175 10 163 113
1 2 97 7
110 108 117 112
79 81 111 167
79 19 111 81
78 19 111 79
16 19 111 78
86 37 127 123
82 19 111 16
103 10 163 105
97 7 0 1
1 7 0 8
125 128 143 126
13 165 175 106
102 95 105 106
106 3 98 95
90 179 80 91
13 12 175 80
16 166 108 82
78 16 108 111
174 175 179 180
99 100 97 164
171 86 127 123
105 10 163 106
96 101 97 164
99 164 97 101
88 7 97 4
88 4 97 100
88 100 97 99
175 180 177 179
99 101 97 104
88 104 97 7
99 104 97 88
128 160 139 145
181 94 175 178
167 181 175 178
33 86 122 37
11 10 175 113
178 81 175 167
94 81 175 178
94 80 175 81
113 81 175 11
80 11 175 81
81 113 175 167
106 13 98 12
3 12 98 13
106 12 98 3
95 102 105 101
149 140 151 150
105 162 103 101
106 12 105 10
177 175 163 176
106 12 163 175
56 64 65 59
106 3 105 12
95 3 105 106
95 12 105 3
0 10 105 12
0 12 105 95
160 143 142 115
175 113 163 176
8 10 105 0
8 7 105 10
0 7 105 8
106 175 163 177
105 101 103 95
108 76 103 104
78 76 103 108
105 0 103 7
97 7 103 0
97 96 103 101
95 101 103 96
95 0 103 105
148 140 149 139
152 147 151 148
78 10 103 76
143 115 128 125
105 7 103 10
76 10 103 7
76 88 103 104
7 88 103 76
7 104 103 88
0 96 103 97
95 96 103 0
108 111 163 78
111 113 163 79
111 79 163 78
124 171 122 114
148 147 151 158
148 145 128 139
143 153 125 129
171 86 123 122
108 111 112 109
138 148 149 169
139 149 148 161
142 115 153 160
55 54 119 81
81 19 119 55
56 64 47 60
169 127 149 138
19 56 144 55
19 18 144 56
109 108 110 112
19 55 144 119
82 56 144 18
55 60 144 171
55 56 144 60
148 60 144 56
171 60 144 148
171 119 144 54
55 54 144 119
171 54 144 55
119 19 112 144
160 145 115 118
160 156 115 153
160 137 115 156
118 116 115 137
117 116 115 118
23 32 24 66
148 56 117 145
144 145 148 117
144 56 117 148
82 56 117 144
23 56 117 82
23 145 117 56
115 112 117 145
112 19 117 144
119 19 117 112
112 108 117 111
112 111 117 119
14 166 117 118
108 166 117 82
82 25 117 23
14 25 117 82
14 118 117 25
23 118 117 145
25 118 117 23
144 19 117 18
82 18 117 19
144 18 117 82
119 111 117 19
82 19 117 111
82 166 117 14
82 111 117 108
122 86 123 37
152 148 138 114
160 143 115 128
160 143 139 142
158 139 148 128
115 125 120 145
161 169 149 148
114 148 138 171
150 152 151 138
152 158 151 147
85 60 169 47
171 60 169 85
148 60 169 171
134 116 156 153
146 155 131 154
125 115 128 145
114 147 152 148
90 175 94 80
169 171 138 148
169 127 138 171
124 171 138 127
167 54 178 119
128 115 160 145
90 175 181 94
56 64 60 65
160 137 161 75
139 160 161 145
74 145 161 160
74 75 161 47
160 75 161 74
139 145 161 148
148 56 161 47
74 47 161 56
140 125 158 151
56 145 161 74
148 145 161 56
90 175 173 181
121 146 131 154
172 104 5 107
172 104 107 166
100 104 172 99
147 145 125 148
156 146 116 155
32 67 70 66
67 32 70 42
146 121 132 130
140 126 125 151
36 59 35 40
tetEdgeIds
122 123 122 124 171 124
171 123 171 122 124 123
13 175 13 106 12 106
12 175 12 13 106 175
7 103 7 97 104 97
104 103 104 7 97 103
2 97 2 4 7 4
7 2 4 97 39 64
39 35 59 35 59 64
59 39 35 64 157 137
157 51 116 51 116 137
116 157 51 137 18 17
18 16 19 16 19 17
19 18 16 17 120 130
120 146 121 146 121 130
121 120 146 130 116 73
116 14 137 14 137 73
14 73 91 80 91 89
90 89 90 80 90 91
89 80 3 0 3 1
9 1 9 0 9 3
1 0 5 88 5 4
100 4 100 88 100 5
4 88 153 116 153 146
115 146 115 116 115 153
146 116 121 132 131 132
131 130 131 121 132 130
107 16 107 25 15 25
15 16 15 107 25 16
95 0 95 3 12 3
12 0 12 95 136 155
136 134 159 134 159 155
159 136 134 155 12 9
148 151 148 149 150 149
150 151 150 148 149 151
103 163 103 108 78 108
78 163 78 103 108 163
113 167 113 79 81 79
81 167 81 113 79 167
160 153 160 156 159 156
159 153 159 160 156 153
136 153 156 136 103 109
108 109 109 163 135 141
135 156 157 156 157 141
157 135 156 141 175 177
175 113 167 177 167 175
113 177 174 175 174 179
90 179 90 175 90 174
179 175 174 91 179 91
116 141 51 141 116 156
116 135 61 23 61 59
24 59 24 23 24 61
59 23 78 79 10 79
10 163 10 78 79 163
96 95 96 102 101 102
101 95 101 96 102 95
173 177 173 181 176 181
176 177 176 173 181 177
111 108 111 16 82 16
82 108 82 111 16 108
137 156 106 163 106 177
176 163 176 106 177 163
137 159 137 160 152 138
152 114 124 114 124 138
124 152 114 138 37 127
37 86 38 86 38 127
38 37 86 127 180 174
180 173 90 173 90 180
173 174 47 161 47 169
148 169 148 161 148 47
169 161 162 103 162 163
162 109 12 163 10 106
10 12 154 120 154 153
154 146 120 153 146 131
146 132 135 132 135 131
135 146 146 50 135 50
50 132 41 58 41 45
42 45 42 58 42 41
45 58 60 48 60 85
47 85 47 48 47 60
85 48 153 125 115 125
115 120 125 120 136 160
134 153 156 134 142 129
142 143 153 143 153 129
153 142 143 129 142 136
142 160 142 159 148 128
148 158 125 158 125 128
125 148 158 128 74 39
74 49 59 49 59 74
49 39 10 0 10 9
8 9 8 0 8 10
156 155 10 175 175 163
134 129 136 129 128 139
140 158 140 139 140 128
158 139 171 114 171 138
61 74 75 23 75 74
75 61 23 74 68 44
68 43 70 43 70 44
70 68 43 44 30 58
30 27 170 27 170 58
170 30 27 58 162 108
123 127 171 127 124 127
44 66 70 66 43 66
14 75 137 75 75 73
70 46 70 71 44 71
44 46 71 46 22 18
22 82 56 82 56 18
56 22 82 18 42 67
41 67 67 58 151 140
151 158 148 140 13 3
13 9 8 1 121 154
26 130 26 133 170 133
170 130 170 26 133 130
100 104 172 104 172 5
172 100 104 5 168 146
168 130 168 132 156 146
154 155 154 116 134 116
134 154 116 155 146 155
131 156 118 166 118 172
117 172 117 166 117 118
172 166 145 128 145 148
125 145 100 97 164 4
164 97 164 100 104 99
104 164 101 164 101 99
101 104 164 99 146 26
170 146 46 66 107 172
107 118 166 107 17 78
19 78 16 78 168 133
132 133 69 45 69 52
50 52 50 45 50 69
52 45 31 67 31 58
31 41 50 141 51 52
51 50 141 52 168 170
132 170 168 50 50 170
135 170 116 170 160 75
160 118 145 118 145 75
145 160 118 75 141 170
70 24 70 32 58 32
58 24 58 70 32 24
30 31 30 41 115 143
143 125 66 23 66 57
32 57 32 23 32 66
57 23 115 142 68 67
43 67 70 67 15 14
107 14 25 14 40 53
40 35 49 35 49 53
49 40 35 53 40 59
59 53 28 27 28 26
133 27 133 28 26 27
82 17 39 63 35 63
63 64 176 175 176 113
5 107 15 88 15 5
107 88 104 88 104 107
82 14 166 14 166 16
166 82 14 16 166 88
104 166 25 82 15 82
99 88 100 99 68 42
70 42 75 24 71 61
71 24 71 75 52 73
52 87 116 87 116 52
87 73 87 45 69 87
137 118 71 73 70 75
70 73 51 73 66 59
66 61 36 61 36 59
36 66 116 58 170 14
58 14 57 24 59 57
66 24 24 30 30 32
42 32 68 31 42 31
86 171 86 54 55 54
55 171 55 86 54 171
84 58 84 45 41 84
30 84 138 149 138 150
148 138 118 14 29 30
29 84 29 41 71 66
107 76 166 76 76 16
168 84 50 84 170 84
60 21 60 65 56 65
56 21 56 60 65 21
76 8 76 7 10 7
10 76 7 8 116 118
29 27 28 84 28 29
27 84 168 28 133 84
10 77 76 77 77 8
24 25 75 25 25 23
53 39 56 64 56 74
56 59 64 74 118 25
170 118 175 181 173 175
10 103 67 32 50 58
24 82 23 82 69 58
69 42 69 70 87 58
52 58 141 58 144 117
144 145 112 145 112 117
112 144 145 117 31 32
66 67 22 17 22 16
46 43 58 25 14 24
43 36 46 36 10 113
113 163 88 76 15 76
61 46 73 24 116 24
69 24 69 73 87 24
63 34 63 48 62 48
62 34 62 63 48 34
23 18 23 22 23 56
104 76 47 72 47 74
39 72 39 47 74 72
127 169 85 171 85 169
85 127 171 169 36 53
46 53 61 53 175 180
145 56 145 74 145 23
149 140 160 74 118 74
118 23 25 74 23 49
36 40 49 61 79 17
79 18 19 79 76 17
76 78 21 59 65 59
160 115 137 115 118 115
101 105 162 102 162 105
162 101 102 105 156 115
83 65 83 34 21 34
21 83 34 65 33 37
33 86 83 86 83 37
83 33 101 97 101 103
138 151 148 152 152 151
60 33 60 83 21 33
20 81 20 80 11 80
11 81 11 20 80 81
105 103 105 163 48 72
85 72 181 167 176 167
60 86 148 139 60 169
60 148 37 34 83 38
38 34 47 56 56 148
147 148 147 158 125 147
123 138 127 138 85 86
60 171 85 38 60 38
48 38 113 173 113 181
62 72 62 47 39 62
64 47 145 115 117 115
60 63 47 63 60 34
60 64 63 65 65 64
78 77 62 64 128 126
140 126 140 125 126 125
88 16 20 79 19 81
19 20 17 77 176 180
113 180 131 155 128 143
160 143 160 139 160 128
143 139 82 19 180 177
56 57 167 173 77 9
6 8 6 9 6 1
3 98 165 13 165 98
165 3 13 98 167 119
167 111 81 111 81 119
111 119 90 181 181 174
165 106 106 98 11 175
12 80 12 11 80 175
94 80 94 90 89 94
92 89 92 91 80 92
111 109 111 163 7 1
7 6 2 6 2 1
10 11 106 95 102 98
102 106 95 98 166 108
76 108 111 19 19 119
136 143 54 119 54 178
81 178 81 54 178 119
11 93 80 93 93 20
167 178 117 110 112 115
112 110 115 110 92 11
92 93 89 93 94 93
93 81 94 81 21 86
0 98 165 175 165 177
104 108 20 113 11 113
79 11 179 80 55 60
79 111 113 111 1 97
108 110 108 117 108 112
78 111 123 86 37 123
10 105 7 0 97 0
126 143 106 105 95 105
3 106 80 13 180 179
99 97 164 96 96 97
7 88 88 97 179 177
145 139 178 175 178 181
94 181 94 175 94 178
37 122 86 122 33 122
81 175 12 98 140 150
12 105 3 105 0 105
8 105 7 105 95 103
76 103 0 103 96 103
139 149 147 152 147 151
115 128 88 103 96 0
114 122 129 125 109 112
111 112 169 149 169 138
161 139 149 161 81 55
55 119 19 55 127 149
55 144 56 19 56 144
56 55 19 144 18 144
109 110 119 144 82 144
171 144 60 144 148 144
148 171 54 144 119 171
19 112 119 112 116 117
56 117 148 117 82 117
23 117 19 117 119 117
111 117 14 117 25 117
18 117 148 114 142 139
145 120 152 150 158 152
154 131 147 114 54 167
75 161 137 161 160 161
145 161 74 161 75 47
56 161 125 151 99 172
145 147 126 151 36 35
